0
2.00601052677
4.01202105675
4.01202105831
6.01803158775
8.02404211618
8.3748114725
10.380821997
10.380821999
10.3808219998
12.3868325271
12.3868325287
12.3868325296
14.3928430533
14.3928430564
14.3928430586
16.3988535887
16.7496229422
16.7496229461
18.7556334677
18.7556334693
18.7556334754
20.7616439967
20.7616439971
20.7616439975
20.761643998
20.761644001
20.7616440023
22.7676545279
22.7676545288
22.7676545303
24.7736650569
24.7736650571
25.1244344132
27.1304449411
27.1304449426
27.1304449431
29.1364554706
29.1364554716
29.136455472
31.1424659985
31.1424659993
31.142466004
33.1484765271
33.4992458877
35.505256414
37.5112669417
37.5112669428
39.5172774704
40.1629248075
41.5232880012
42.1689353339
42.1689353355
42.1689353366
44.1749458612
44.1749458646
44.1749458656
46.1809563901
46.1809563927
46.1809563936
48.1869669225
48.5377362766
48.537736279
48.537736281
50.5437467964
50.5437468061
50.5437468068
50.5437468083
50.5437468098
50.5437468114
52.5497573337
52.5497573351
52.5497573353
52.549757336
52.5497573362
52.5497573366
52.5497573372
52.5497573377
52.5497573378
52.5497573383
54.5557678545
54.5557678642
54.5557678644
54.5557678652
54.5557678664
54.5557678669
56.5617783913
56.5617783929
56.5617783935
56.9125477498
56.9125477517
56.912547757
58.9185582772
58.9185582775
58.9185582778
58.9185582782
58.9185582788
58.9185582791
58.9185582816
58.9185582827
58.9185582851
58.9185582868
60.9245688028
60.9245688071
60.9245688079
60.9245688083
60.9245688086
60.9245688088
60.9245688093
60.9245688102
60.924568812
60.9245688124
60.9245688152
62.9305793355
62.9305793361
62.9305793368
62.9305793371
62.9305793374
62.9305793376
62.9305793385
62.9305793394
62.9305793406
62.9305793418
64.9365898665
64.9365898682
64.9365898715
65.2873592213
65.2873592229
65.2873592265
67.2933697479
67.2933697495
67.2933697524
67.293369754
67.2933697554
67.2933697627
69.2993802756
69.2993802781
69.2993802799
69.2993802807
69.2993802815
69.2993802818
69.2993802819
69.2993802827
69.2993802833
69.2993802848
71.3053908016
71.3053908071
71.3053908087
71.3053908099
71.3053908118
71.3053908218
73.3114013347
73.3114013376
73.3114013402
73.6621706945
75.6681812213
75.668181223
75.6681812245
77.6741917503
77.6741917508
77.6741917524
79.6802022808
79.6802022815
79.6802022823
80.3258496144
80.3258496162
81.6862128118
82.3318601401
82.3318601428
82.3318601464
84.3378706705
84.3378706723
84.3378706732
84.3378706746
84.3378706749
84.337870677
86.3438811923
86.3438811984
86.343881203
88.349891727
88.3498917299
88.7006610866
88.7006610883
88.7006610884
90.7066716144
90.7066716156
90.7066716163
90.7066716166
90.7066716176
90.7066716185
90.7066716188
90.7066716198
90.7066716208
90.706671621
92.712682138
92.7126821397
92.7126821428
92.7126821442
92.7126821454
92.7126821467
92.7126821471
92.7126821482
92.712682149
92.7126821495
92.7126821504
94.7186926707
94.718692671
94.7186926717
94.7186926727
94.7186926737
94.7186926747
94.7186926752
94.7186926763
94.718692677
94.7186926777
96.7247031954
96.7247031991
96.724703205
97.0754725579
97.0754725583
97.0754725587
97.0754725594
97.0754725602
97.0754725603
99.081483085
99.0814830859
99.0814830862
99.0814830875
99.0814830878
99.081483088
99.0814830881
99.0814830885
99.0814830892
99.0814830895
99.0814830902
101.087493612
101.087493613
101.087493614
101.087493614
101.087493614
101.087493614
101.087493615
101.087493615
101.087493615
101.087493616
101.087493616
101.087493617
101.087493617
101.087493617
101.087493618
101.087493619
101.087493619
101.087493619
101.087493619
101.087493622
103.093504142
103.093504142
103.093504143
103.093504144
103.093504144
103.093504144
103.093504145
103.093504146
103.093504146
103.093504147
103.093504147
105.099514671
105.099514672
105.099514673
105.099514674
105.099514674
105.099514675
105.450284026
105.450284032
105.450284033
107.456294556
107.456294557
107.456294558
107.456294558
107.456294559
107.456294559
107.45629456
107.456294561
107.456294562
107.456294562
109.462305083
109.462305086
109.462305086
109.462305086
109.462305089
109.46230509
109.46230509
109.46230509
109.462305091
109.462305091
109.462305094
111.468315613
111.468315614
111.468315616
111.468315616
111.468315617
111.468315618
111.468315619
111.468315619
111.468315621
111.468315621
113.474326137
113.474326145
113.47432615
113.825095501
113.825095502
115.831106024
115.83110603
115.831106034
117.837116557
117.837116558
117.837116561
117.837116562
117.837116563
117.837116564
119.843127078
119.843127086
119.843127091
120.488774426
121.849137615
121.849137618
122.494784952
122.494784954
122.494784956
124.500795478
124.500795482
124.500795484
126.506806009
126.506806009
126.506806013
128.512816535
128.863585894
128.863585896
128.863585897
130.869596416
130.869596423
130.869596424
130.869596425
130.869596428
130.869596429
132.87560695
132.87560695
132.875606952
132.875606953
132.875606954
132.875606954
132.875606954
132.875606955
132.875606955
132.875606956
134.881617472
134.88161748
134.881617481
134.881617481
134.881617482
134.881617485
136.887628008
136.88762801
136.887628011
137.238397362
137.238397365
137.23839737
139.244407894
139.244407895
139.244407896
139.244407896
139.244407896
139.244407897
139.244407897
139.244407898
139.244407898
139.244407899
141.25041842
141.250418422
141.250418424
141.250418425
141.250418425
141.250418425
141.250418426
141.250418426
141.250418427
141.250418427
141.250418427
143.256428952
143.256428952
143.256428952
143.256428953
143.256428953
143.256428954
143.256428954
143.256428956
143.256428956
143.256428957
145.262439478
145.262439479
145.262439481
145.613208837
145.61320884
145.613208841
147.619219364
147.619219365
147.619219367
147.619219367
147.619219369
147.61921937
149.625229893
149.625229894
149.625229895
149.625229895
149.625229896
149.625229897
149.625229897
149.625229898
149.625229899
149.6252299
151.631240425
151.631240425
151.631240427
151.631240427
151.631240428
151.631240437
153.637250954
153.637250955
153.637250956
153.988020314
155.994030839
155.994030841
155.994030844
158.000041366
158.000041368
158.000041369
160.006051897
160.006051897
160.006051898
160.651699232
162.012062426
162.657709761
164.663720289
164.66372029
166.669730817
168.675741347
169.026510702
171.032521232
171.032521233
171.032521233
173.038531761
173.038531765
173.038531765
175.044542289
175.044542291
175.044542293
177.050552818
177.401322173
177.401322174
179.407332702
179.407332702
179.407332707
181.413343229
181.413343229
181.41334323
181.413343231
181.413343232
181.413343233
183.419353751
183.419353759
183.419353761
185.425364288
185.425364289
185.776133649
187.782144174
187.782144176
187.782144176
189.788154702
189.788154704
189.788154706
191.794165231
191.794165231
191.794165233
193.800175759
194.150945118
196.156955647
198.162966175
198.162966177
200.168976705
202.174987233
