0
1.73407965889873594
3.46815932033621266
4.85531602139985807
5.10759392861552897
6.58939568155005873
6.84167358915465229
8.22883029153854295
9.71063203788207829
9.96290995107949584
9.96290995124729761
10.2151878631304953
11.6969896112972265
13.0841463082487053
13.3364242213915531
14.8182259687602027
15.0705038814068075
16.4576605808199474
18.1007304823345976
18.1917402408391808
19.7605886551983758
19.8348101424102197
19.9258199009157124
21.4742447547387201
21.4946683151970319
22.881825012728541
22.9560465019261528
23.2083244147636378
23.2083244149081338
24.6159046745053729
24.6159046755901727
24.868182586127773
24.9424040750599261
26.3295607728952064
26.3295607744008748
26.3499843326669634
26.5818386863286378
27.7371410324512908
27.9894189441340586
27.9894189452708133
28.0636404326901356
28.06364043410872
28.3159183466567583
29.4712206920847848
29.7030750455921861
29.7234986046678387
29.7234986052367276
31.1106553041729512
31.1848767934176294
31.4371547047401236
31.4371547073528745
32.8447349590683189
32.8447349644541191
33.097012876076974
33.1712343654313599
34.5583910649307882
34.5788146242514358
36.1272394763548164
36.201460968357992
36.2182492342316209
36.2924707248956793
37.8613191333433861
37.8613191369116748
37.95232889442741
39.5211773093423062
39.5749752365007907
39.5953987963982854
40.9825554977082902
40.9825554987559144
41.2348334075342109
41.2348334080160157
41.3090548965634525
42.6424136679877392
42.7166351579588763
42.7166351588310818
42.9484895078323916
42.96891306800444
42.9689130683799476
44.3560697677544908
44.3560697695029376
44.3764933278902731
44.4302912587473884
44.6825691679355828
45.763650025747836
45.8378715152523455
46.0901494257636841
46.0901494285741364
46.0901494290648088
46.0901494296642795
46.0901494303191726
46.342427339774531
46.416648827580218
47.4977296868640906
47.7500075978940686
47.8038055305683542
47.824229087813535
47.8242290895704514
49.2113857862650548
49.211385786596793
49.2318093458560497
49.463663698136088
49.4636637025925552
49.5378851901726875
50.8712439576633528
50.9454654462427925
50.9454654464639702
51.197743358108653
51.1977433628024414
52.5849000579523818
52.6053236177834265
52.6591215474226146
54.227969962509917
54.3189797175662648
54.318979718392427
55.8878281321252075
55.9620496225484203
55.978837886983797
56.0530593783402651
57.6014842308845232
57.6219077923202008
59.0090644926962682
59.0832859801959103
59.3355638918513364
59.3355638925348217
60.7431441516378072
60.7431441531404062
60.9954220641391203
61.0696435509837556
62.4568002516152205
62.4568002530796775
62.4772238129189645
62.7090781633206689
63.8643805096857022
64.116658421915929
64.1166584231334014
64.1908799119456717
64.1908799131878709
64.4431578234247127
65.5984601695147376
65.8303145218267787
65.8507380824538586
65.8507380831104001
67.2378947805848952
67.3121162704101152
67.5643941815622497
67.5643941842631648
68.9719744397086174
68.9719744419466565
69.2242523545060635
69.2984738418609822
70.6856305428984228
70.7060541005139953
72.2544789548273343
72.3454887138460663
72.4197102027346205
73.9885586166192866
74.0795683740356594
75.722638275197653
77.1097949767810178
77.3620728875864074
78.8438746366441023
79.0961525477439409
80.4833092487172621
81.965110994572683
82.2173889067934738
82.2173889084225493
82.4696668205220362
83.9514685687159385
85.3386252667034455
85.5909031794603834
87.0727049268614905
87.3249828395925647
88.7121395364738419
90.4462191977698353
92.1802988563658232
594.676719551510701
596.410799211641688
598.050233822990435
599.532035571139772
599.784313483391884
599.784313483456572
601.51839314288236
602.905549842941696
602.90554984415644
603.157827754545679
604.639629503088372
604.639629504599839
604.891907414709635
606.279064112411447
607.760865860806007
608.013143770307806
608.013143773259344
609.747223431927182
611.134380130174804
612.703228547131744
612.777450034557774
612.868459789761346
614.437308199947552
614.437308207260912
616.150964305615389
616.15096430587414
616.171387866981718
617.558544563328155
617.558544564345766
617.810822476817407
617.810822477644592
617.885043965589944
617.885043966021158
619.29262422345721
619.29262422415718
619.524478577294303
619.544902137247959
619.544902137608233
620.932058836097212
620.932058838312173
621.006280322077146
621.006280325001512
621.258558237132547
621.258558237975762
622.413860583425844
622.666138496476833
622.666138497525594
622.66613849812984
622.666138498997384
622.666138499663703
622.918416409662427
622.992637897060717
624.379794594756618
624.379794597104024
624.400218156285973
624.400218158320399
625.787374853346591
625.787374853973915
626.039652766878362
626.039652767810821
626.113874255024598
626.113874257234329
627.521454513116623
627.521454513824551
627.773732426968422
627.773732428011726
629.160889126154302
629.235110615432632
630.803959028506029
630.803959034490958
630.894968785495621
630.894968787344169
632.463817197312665
632.538038688286861
632.538038694298393
632.629048446251318
634.17747330117561
634.177473303720944
634.197896857640899
634.251694789625958
635.585053556049729
635.659275047318488
635.659275048899758
635.911552955911816
635.911552957955678
635.91155296215959
635.911552963558506
635.9115529643625
637.319133214178464
637.319133218978777
637.57141113088187
637.625209057128927
637.645632621346635
637.645632623539086
639.032789319726476
639.032789320823667
639.032789321907899
639.032789322383337
639.032789325045087
639.053212876277712
639.285067231301809
639.285067232641495
639.359288716493779
640.440369576094781
640.692647489604042
640.69264749170577
640.766868979770379
640.766868981083803
640.766868982069013
640.766868982526717
640.766868985236101
641.019146891497599
641.019146892651747
642.174449235907332
642.406303591172673
642.406303592672543
642.426727149660451
642.426727151611658
642.480525078482856
643.813883850758089
643.888105340012771
643.888105340708535
644.140383249421461
644.140383251191906
644.140383252661195
644.140383253042273
644.140383254826702
645.547963510182171
645.54796351047969
645.800241422905287
645.874462911214323
645.874462912833565
647.261619609387935
647.261619611317656
647.282043171383066
648.83046802338913
648.90468951377261
648.921477781896328
648.995699269332817
648.995699271437161
650.56454768385538
650.564547684852187
650.655557442104055
652.278203784281231
652.278203787071561
652.298627343460453
653.685784041630768
653.685784043144963
653.938061954032378
653.938061955736771
654.012283444162222
654.01228344717083
655.419863701608051
655.419863703146007
655.651718055425022
655.672141614725888
655.672141616175736
657.059298315044771
657.059298316971649
657.133519801691477
657.133519802779574
657.385797714032265
657.38579771707839
658.541100061884549
658.793377972431813
658.793377973972156
658.79337797439814
658.793377975647786
658.793377976978377
659.045655887677981
659.119877375408009
660.507034073414957
660.507034074600597
660.527457635319251
660.527457637305247
661.914614332384986
661.914614333310624
662.166892244943597
662.166892245692679
662.241113733359953
662.241113734502278
663.648693991903201
663.648693993074858
663.900971905187021
663.90097190604456
665.288128606996793
665.362350095311513
666.931198509425485
667.022208265398945
667.022208268657209
668.665278169166413
668.756287927057429
670.304712778250746
671.786514527258532
672.038792438128098
672.038792438989049
673.772872098998619
675.160028795639164
675.160028798782378
675.412306711614406
676.894108455407945
676.894108458741471
677.146386371496874
678.533543071102486
680.01534481770625
680.267622730701078
680.267622731121492
682.00170239118188
683.38885908791633
685.122938747953299
1189.35343910412575
1192.72695337606183
1194.46103303596533
1196.10046764824051
1197.58226939329711
1197.83454730715403
1199.56862696842177
1200.95578366560585
1202.68986332578606
1205.81109968328497
1207.37994809627958
1209.1140277563054
1210.75346236941778
1210.82768385843974
1212.23526411648845
1212.48754202538839
1212.48754202870896
1214.20119813144174
1214.22162168961199
1215.60877838499664
1215.60877838792067
1215.86105629843269
1215.93527779150509
1217.34285804484807
1217.3428580481791
1217.59513595843646
1218.98229265877717
1219.05651414883278
1220.4640944070452
1220.71637231652448
1220.71637231882778
1222.45045197889795
1223.83760868131185
1225.40645709441606
1225.4806785818289
1225.57168834162849
1227.14053675299965
1228.85419285200851
1228.85419285298872
1228.87461641441814
1230.2617731096816
1230.51405102237527
1230.58827251214598
1230.5882725129577
1231.99585276966172
1232.22770712612737
1232.24813068252934
1232.3019286164299
1233.63528738407877
1233.70950887154049
1233.70950887316076
1233.96178678543947
1233.96178678714318
1235.11708913030816
1235.36936703751417
1235.36936704488721
1235.62164495611546
1235.69586644611763
1237.08302314291041
1237.08302314347884
1237.10344670417226
1238.49060340087317
1238.74288131562344
1238.81710280277093
1238.81710280346897
1240.22468306067867
1240.47696097538574
1241.8641176738538
1241.93833916141557
1243.50718757506684
1243.59819733341124
1245.24126723535892
1245.33227699391909
1246.88070184610933
1246.95492333667653
1248.36250359476662
1248.61478150265157
1248.61478150697963
1250.32843760879723
1250.34886116686266
1251.73601786573931
1251.73601786951394
1251.98829577807919
1252.06251726867049
1253.47009752479789
1253.47009752978624
1253.72237543767915
1255.10953213699713
1255.18375362656911
1256.591333886136
1256.84361179842335
1256.84361179910479
1258.57769145711427
1259.96484815739768
1261.60791806008433
1261.69892781741873
1264.98143233192468
1266.71551199211694
1268.35494660387258
1269.83674835127067
1270.08902626494546
1271.82310592392514
1273.21026262285022
1274.94434228267323
1278.06557864002934
