0.15231739869
-0.174831199201
0.0674690672504
0.100336364974
-0.0547594567089
-0.0436617597399
0.0149427283908
0.0354368948578
-0.0136754438181
0.00625781847635
0.175680219275
-0.0887433358967
-0.14258613249
0.0907582566821
0.0163561318508
0.0911598427103
-0.0277955930205
-0.0137982139882
0.0108271750779
-0.0902721788472
-0.00812282459559
0.00532486553743
0.0343124221479
0.00854818108631
-0.00878758591334
0.0311488416004
0.0033912152274
-0.0137771714525
-0.00633131991565
-0.0184773757553
0.00330906908497
-0.00219458235488
0.00777900766194
-0.00214142251017
0.101313243627
-0.0723759209322
0.0258518715978
0.0138652212541
-0.04834381394
0.0743467382821
-0.00700389601129
-0.0375556086817
0.0477061202215
0.01631581386
-0.031300107461
0.000948762242467
-0.00205786886988
-0.0189481299301
0.0086073588276
0.0173754010439
0.0272789484142
-0.00435248094096
-0.0246787799257
0.000349199042657
0.0129022050515
-0.00302894519308
0.00221800009354
0.0118029617706
-0.0162415147517
-0.00334555532868
0.000833814761476


